%YAML:1.0
camera_matrix: !!opencv-matrix
   rows: 3
   cols: 3
   dt: f
   data: [ 1.054373056912891e+03, 0., 9.591865025643574e+02, 0., 1.056508841627600e+03,
       5.439589934464225e+02, 0., 0., 1. ]
distortion_coefficients: !!opencv-matrix
   rows: 5
   cols: 1
   dt: f
   data: [ 0.038767951981131, -0.048453104738836, 0.004212318344246, -6.992429019708912e-04, 0.001498567499595 ]