%YAML:1.0
camera_matrix: !!opencv-matrix
   rows: 3
   cols: 3
   dt: f
   data: [ 1.532509370e+003, 0., 2.476569e+002, 0., 1.53012236359e+003,
       1.865447e+002, 0., 0., 1. ]
distortion_coefficients: !!opencv-matrix
   rows: 5
   cols: 1
   dt: f
   data: [ 6.43e-2, -5.2153, 6.84454e1, -1.9e-3, -4.1e-3 ]
