%YAML:1.0
nmarkers: 4
markersize: 5
tau0: 12
marker_0: "0010110010101101110011010"
marker_1: "0101111010100000010100111"
marker_2: "0100111100111001001011100"
marker_3: "0010110110010110001000111"
